noemiemonnier@noemies-macbook-pro jpeg-dna-benchmark-codec % python3 encode_decode_images.py 
========================
Encoding input image:
[[[186 186 186]
  [186 186 186]
  [186 186 186]
  ...
  [185 185 185]
  [185 185 185]
  [185 185 185]]

 [[186 186 186]
  [186 186 186]
  [186 186 186]
  ...
  [185 185 185]
  [185 185 185]
  [185 185 185]]

 [[186 186 186]
  [186 186 186]
  [186 186 186]
  ...
  [185 185 185]
  [185 185 185]
  [185 185 185]]

 ...

 [[251 251 251]
  [251 251 251]
  [251 251 251]
  ...
  [245 245 245]
  [245 245 245]
  [245 245 245]]

 [[250 250 250]
  [250 250 250]
  [250 250 250]
  ...
  [245 245 245]
  [245 245 245]
  [245 245 245]]

 [[250 250 250]
  [250 250 250]
  [250 250 250]
  ...
  [245 245 245]
  [245 245 245]
  [245 245 245]]]
========================
Compression rate: 14.085288648971085 bits/nt
Execution time for encoding of image 1 at quality =  1  =  38.17695903778076
========================
Encoding input image:
[[[186 186 186]
  [186 186 186]
  [186 186 186]
  ...
  [185 185 185]
  [185 185 185]
  [185 185 185]]

 [[186 186 186]
  [186 186 186]
  [186 186 186]
  ...
  [185 185 185]
  [185 185 185]
  [185 185 185]]

 [[186 186 186]
  [186 186 186]
  [186 186 186]
  ...
  [185 185 185]
  [185 185 185]
  [185 185 185]]

 ...

 [[251 251 251]
  [251 251 251]
  [251 251 251]
  ...
  [245 245 245]
  [245 245 245]
  [245 245 245]]

 [[251 251 251]
  [251 251 251]
  [251 251 251]
  ...
  [245 245 245]
  [245 245 245]
  [245 245 245]]

 [[251 251 251]
  [251 251 251]
  [251 251 251]
  ...
  [245 245 245]
  [245 245 245]
  [245 245 245]]]
========================
Compression rate: 19.845596622175975 bits/nt
Execution time for encoding of image 1 at quality =  2  =  28.740897178649902
========================
Encoding input image:
[[[186 186 186]
  [186 186 186]
  [186 186 186]
  ...
  [184 184 184]
  [184 184 184]
  [184 184 184]]

 [[186 186 186]
  [186 186 186]
  [186 186 186]
  ...
  [184 184 184]
  [184 184 184]
  [184 184 184]]

 [[186 186 186]
  [186 186 186]
  [186 186 186]
  ...
  [184 184 184]
  [184 184 184]
  [184 184 184]]

 ...

 [[251 251 251]
  [251 251 251]
  [251 251 251]
  ...
  [246 246 246]
  [246 246 246]
  [246 246 246]]

 [[251 251 251]
  [251 251 251]
  [251 251 251]
  ...
  [246 246 246]
  [246 246 246]
  [246 246 246]]

 [[251 251 251]
  [251 251 251]
  [251 251 251]
  ...
  [246 246 246]
  [246 246 246]
  [246 246 246]]]
========================
Compression rate: 23.65575803835512 bits/nt
Execution time for encoding of image 1 at quality =  3  =  21.040339946746826
========================
Encoding input image:
[[[187 187 187]
  [187 187 187]
  [187 187 187]
  ...
  [185 185 185]
  [185 185 185]
  [185 185 185]]

 [[187 187 187]
  [187 187 187]
  [187 187 187]
  ...
  [185 185 185]
  [185 185 185]
  [185 185 185]]

 [[187 187 187]
  [187 187 187]
  [187 187 187]
  ...
  [185 185 185]
  [185 185 185]
  [185 185 185]]

 ...

 [[251 251 251]
  [251 251 251]
  [251 251 251]
  ...
  [245 245 245]
  [245 245 245]
  [245 245 245]]

 [[251 251 251]
  [251 251 251]
  [251 251 251]
  ...
  [245 245 245]
  [245 245 245]
  [245 245 245]]

 [[251 251 251]
  [251 251 251]
  [251 251 251]
  ...
  [245 245 245]
  [245 245 245]
  [245 245 245]]]
========================
Compression rate: 27.605540626272163 bits/nt
Execution time for encoding of image 1 at quality =  4  =  22.791800022125244
========================
Encoding input image:
[[[186 186 186]
  [186 186 186]
  [186 186 186]
  ...
  [184 184 184]
  [184 184 184]
  [184 184 184]]

 [[186 186 186]
  [186 186 186]
  [186 186 186]
  ...
  [184 184 184]
  [184 184 184]
  [184 184 184]]

 [[186 186 186]
  [186 186 186]
  [186 186 186]
  ...
  [184 184 184]
  [184 184 184]
  [184 184 184]]

 ...

 [[251 251 251]
  [251 251 251]
  [251 251 251]
  ...
  [245 245 245]
  [245 245 245]
  [245 245 245]]

 [[251 251 251]
  [251 251 251]
  [251 251 251]
  ...
  [245 245 245]
  [245 245 245]
  [245 245 245]]

 [[251 251 251]
  [251 251 251]
  [251 251 251]
  ...
  [245 245 245]
  [245 245 245]
  [245 245 245]]]
========================
Compression rate: 30.953912178374267 bits/nt
Execution time for encoding of image 1 at quality =  5  =  22.351680040359497
========================
Encoding input image:
[[[186 186 186]
  [186 186 186]
  [186 186 186]
  ...
  [184 184 184]
  [184 184 184]
  [184 184 184]]

 [[186 186 186]
  [186 186 186]
  [186 186 186]
  ...
  [184 184 184]
  [184 184 184]
  [184 184 184]]

 [[186 186 186]
  [186 186 186]
  [186 186 186]
  ...
  [184 184 184]
  [184 184 184]
  [184 184 184]]

 ...

 [[250 250 250]
  [250 250 250]
  [250 250 250]
  ...
  [244 244 244]
  [244 244 244]
  [244 244 244]]

 [[250 250 250]
  [250 250 250]
  [250 250 250]
  ...
  [244 244 244]
  [244 244 244]
  [244 244 244]]

 [[250 250 250]
  [250 250 250]
  [250 250 250]
  ...
  [244 244 244]
  [244 244 244]
  [244 244 244]]]
========================
Compression rate: 35.345424089740675 bits/nt
Execution time for encoding of image 1 at quality =  6  =  19.019007205963135
========================
Encoding input image:
[[[186 186 186]
  [186 186 186]
  [186 186 186]
  ...
  [184 184 184]
  [184 184 184]
  [184 184 184]]

 [[186 186 186]
  [186 186 186]
  [186 186 186]
  ...
  [184 184 184]
  [184 184 184]
  [184 184 184]]

 [[186 186 186]
  [186 186 186]
  [186 186 186]
  ...
  [184 184 184]
  [184 184 184]
  [184 184 184]]

 ...

 [[250 250 250]
  [250 250 250]
  [250 250 250]
  ...
  [246 246 246]
  [246 246 246]
  [246 246 246]]

 [[250 250 250]
  [250 250 250]
  [250 250 250]
  ...
  [246 246 246]
  [246 246 246]
  [246 246 246]]

 [[250 250 250]
  [250 250 250]
  [250 250 250]
  ...
  [246 246 246]
  [246 246 246]
  [246 246 246]]]
========================
Compression rate: 39.49610877508554 bits/nt
Execution time for encoding of image 1 at quality =  7  =  19.74818706512451
========================
Encoding input image:
[[[185 185 185]
  [185 185 185]
  [185 185 185]
  ...
  [185 185 185]
  [185 185 185]
  [185 185 185]]

 [[185 185 185]
  [185 185 185]
  [185 185 185]
  ...
  [185 185 185]
  [185 185 185]
  [185 185 185]]

 [[185 185 185]
  [185 185 185]
  [185 185 185]
  ...
  [185 185 185]
  [185 185 185]
  [185 185 185]]

 ...

 [[251 251 251]
  [251 251 251]
  [251 251 251]
  ...
  [245 245 245]
  [245 245 245]
  [245 245 245]]

 [[251 251 251]
  [251 251 251]
  [251 251 251]
  ...
  [245 245 245]
  [245 245 245]
  [245 245 245]]

 [[251 251 251]
  [251 251 251]
  [251 251 251]
  ...
  [245 245 245]
  [245 245 245]
  [245 245 245]]]
========================
Compression rate: 55.32330463563844 bits/nt
Execution time for encoding of image 1 at quality =  8  =  16.770718097686768
Average run time for encoding one image of the JPEG DNA data set by the JPEG DNA Benchmark Codec : 23.57994857430458 seconds
noemiemonnier@noemies-macbook-pro jpeg-dna-benchmark-codec % 
